Momentum config rankings

Rows are head momentum; columns are muon momentum.
Grid values are post-search losses; lower is better.
Rankings are ordered by train loss.
After N steps uses the LR-search result logged at step N - 1.

After 2 steps: train-loss grid
head\muon        0      0.5      0.6      0.7      0.8     0.85      0.9
        0  3949.66  3934.83  3912.67  3823.26  3722.84  3856.22  3999.89
      0.5  3904.38  3928.82  3867.84  3994.46  3906.84  3947.42  3945.98
      0.6  3963.05  3954.57  3968.17  3967.09  3831.55  3954.51  3890.88
      0.7  3957.17  4015.24  3968.86  3944.95  3967.59  3941.95  4059.58
      0.8  3994.71  3976.26  3995.21  3945.54  4024.99  3990.34  4028.36
     0.85  4043.93  4016.98  4001.93  3935.92  4052.13  4002.59  4042.79
      0.9  4057.27  3971.93  3988.34   4019.3  4017.53  4061.11  4053.72

After 2 steps: second-batch-loss grid
head\muon        0      0.5      0.6      0.7      0.8     0.85      0.9
        0  4268.86  4246.06  4236.13  4243.47  4223.61  4211.37  4263.88
      0.5  4273.89  4247.08  4249.06     4260  4274.95  4271.84  4254.74
      0.6  4309.13  4284.01  4281.96  4264.11  4263.38  4295.19  4265.45
      0.7  4272.13  4301.85  4290.63  4280.75  4302.65  4264.24  4335.57
      0.8  4308.66  4300.15  4286.49  4229.62  4268.42   4290.6   4289.3
     0.85  4317.83  4314.67  4276.17  4271.85  4324.48  4305.36   4292.7
      0.9  4342.31  4289.29  4334.25  4293.01  4286.41  4314.53  4317.88

After 2 steps: ranking best to worst
rank  head_momentum  muon_momentum  train_loss  second_batch_loss
   1              0            0.8     3722.84            4223.61
   2              0            0.7     3823.26            4243.47
   3            0.6            0.8     3831.55            4263.38
   4              0           0.85     3856.22            4211.37
   5            0.5            0.6     3867.84            4249.06
   6            0.6            0.9     3890.88            4265.45
   7            0.5              0     3904.38            4273.89
   8            0.5            0.8     3906.84            4274.95
   9              0            0.6     3912.67            4236.13
  10            0.5            0.5     3928.82            4247.08
  11              0            0.5     3934.83            4246.06
  12           0.85            0.7     3935.92            4271.85
  13            0.7           0.85     3941.95            4264.24
  14            0.7            0.7     3944.95            4280.75
  15            0.8            0.7     3945.54            4229.62
  16            0.5            0.9     3945.98            4254.74
  17            0.5           0.85     3947.42            4271.84
  18              0              0     3949.66            4268.86
  19            0.6           0.85     3954.51            4295.19
  20            0.6            0.5     3954.57            4284.01
  21            0.7              0     3957.17            4272.13
  22            0.6              0     3963.05            4309.13
  23            0.6            0.7     3967.09            4264.11
  24            0.7            0.8     3967.59            4302.65
  25            0.6            0.6     3968.17            4281.96
  26            0.7            0.6     3968.86            4290.63
  27            0.9            0.5     3971.93            4289.29
  28            0.8            0.5     3976.26            4300.15
  29            0.9            0.6     3988.34            4334.25
  30            0.8           0.85     3990.34             4290.6
  31            0.5            0.7     3994.46               4260
  32            0.8              0     3994.71            4308.66
  33            0.8            0.6     3995.21            4286.49
  34              0            0.9     3999.89            4263.88
  35           0.85            0.6     4001.93            4276.17
  36           0.85           0.85     4002.59            4305.36
  37            0.7            0.5     4015.24            4301.85
  38           0.85            0.5     4016.98            4314.67
  39            0.9            0.8     4017.53            4286.41
  40            0.9            0.7      4019.3            4293.01
  41            0.8            0.8     4024.99            4268.42
  42            0.8            0.9     4028.36             4289.3
  43           0.85            0.9     4042.79             4292.7
  44           0.85              0     4043.93            4317.83
  45           0.85            0.8     4052.13            4324.48
  46            0.9            0.9     4053.72            4317.88
  47            0.9              0     4057.27            4342.31
  48            0.7            0.9     4059.58            4335.57
  49            0.9           0.85     4061.11            4314.53

After 4 steps: train-loss grid
head\muon        0      0.5      0.6      0.7      0.8     0.85      0.9
        0  3312.84  3335.77  3198.72  3217.15  3075.31  3211.76  3353.19
      0.5     3368  3264.98  3296.99  3402.85  3332.76  3278.65  3345.93
      0.6  3316.57  3399.28  3371.35  3348.29  3203.98  3299.43  3138.52
      0.7   3379.8  3336.92  3252.88  3313.18  3310.63  3326.91  3390.87
      0.8  3311.54  3294.48  3217.63  3243.43  3239.34  3284.87  3358.85
     0.85  3493.52  3341.17  3283.09  3237.12  3309.71  3348.79  3375.35
      0.9   3312.1  3314.59  3228.33  3146.13  3224.97  3421.72  3309.81

After 4 steps: second-batch-loss grid
head\muon        0      0.5      0.6      0.7      0.8     0.85      0.9
        0  4033.48  3984.97  3975.03  3923.57  3866.59  3914.19  3948.95
      0.5  4038.41  3974.67  3950.25  4005.24  3994.37  3993.66  3950.92
      0.6  4021.89  4037.64  4010.47  3990.49  3907.08  3986.07  3903.38
      0.7  4030.71  4024.97  3963.23   3993.9  3975.29  3957.83  4026.58
      0.8  4045.38  3948.61  3940.13  3907.29  3880.25  3941.45  3937.39
     0.85  4077.23  4000.43  3928.81  3934.44  3971.82  3939.68  3954.57
      0.9  3993.79  4001.15   3981.1  3872.66  3876.13  4008.16  3948.42

After 4 steps: ranking best to worst
rank  head_momentum  muon_momentum  train_loss  second_batch_loss
   1              0            0.8     3075.31            3866.59
   2            0.6            0.9     3138.52            3903.38
   3            0.9            0.7     3146.13            3872.66
   4              0            0.6     3198.72            3975.03
   5            0.6            0.8     3203.98            3907.08
   6              0           0.85     3211.76            3914.19
   7              0            0.7     3217.15            3923.57
   8            0.8            0.6     3217.63            3940.13
   9            0.9            0.8     3224.97            3876.13
  10            0.9            0.6     3228.33             3981.1
  11           0.85            0.7     3237.12            3934.44
  12            0.8            0.8     3239.34            3880.25
  13            0.8            0.7     3243.43            3907.29
  14            0.7            0.6     3252.88            3963.23
  15            0.5            0.5     3264.98            3974.67
  16            0.5           0.85     3278.65            3993.66
  17           0.85            0.6     3283.09            3928.81
  18            0.8           0.85     3284.87            3941.45
  19            0.8            0.5     3294.48            3948.61
  20            0.5            0.6     3296.99            3950.25
  21            0.6           0.85     3299.43            3986.07
  22           0.85            0.8     3309.71            3971.82
  23            0.9            0.9     3309.81            3948.42
  24            0.7            0.8     3310.63            3975.29
  25            0.8              0     3311.54            4045.38
  26            0.9              0      3312.1            3993.79
  27              0              0     3312.84            4033.48
  28            0.7            0.7     3313.18             3993.9
  29            0.9            0.5     3314.59            4001.15
  30            0.6              0     3316.57            4021.89
  31            0.7           0.85     3326.91            3957.83
  32            0.5            0.8     3332.76            3994.37
  33              0            0.5     3335.77            3984.97
  34            0.7            0.5     3336.92            4024.97
  35           0.85            0.5     3341.17            4000.43
  36            0.5            0.9     3345.93            3950.92
  37            0.6            0.7     3348.29            3990.49
  38           0.85           0.85     3348.79            3939.68
  39              0            0.9     3353.19            3948.95
  40            0.8            0.9     3358.85            3937.39
  41            0.5              0        3368            4038.41
  42            0.6            0.6     3371.35            4010.47
  43           0.85            0.9     3375.35            3954.57
  44            0.7              0      3379.8            4030.71
  45            0.7            0.9     3390.87            4026.58
  46            0.6            0.5     3399.28            4037.64
  47            0.5            0.7     3402.85            4005.24
  48            0.9           0.85     3421.72            4008.16
  49           0.85              0     3493.52            4077.23

After 10 steps: train-loss grid
head\muon        0      0.5      0.6      0.7      0.8     0.85      0.9
        0  2379.26  2235.06  2114.35  2144.25  2098.25  2063.43  2094.51
      0.5  2261.49  2104.86  2249.86  2018.89  1983.73  1951.01  1964.65
      0.6  2170.54     2075  2086.98  2043.11  2018.17  1978.47   1928.6
      0.7  2136.88  2024.13  2035.33  1946.92  1980.78   1944.3  1986.57
      0.8  2081.92  2031.32  1980.31  1917.23   1905.9  1933.34  1913.45
     0.85  2165.43  2013.98  1975.61  1949.78  1922.84   1949.5  1907.28
      0.9  2065.09  1991.97  1978.42  1919.81  1899.35  1935.23  1916.88

After 10 steps: second-batch-loss grid
head\muon        0      0.5      0.6      0.7      0.8     0.85      0.9
        0   3708.4  3677.35  3627.01  3640.29  3618.16   3583.8  3578.31
      0.5  3702.76   3637.8  3634.46  3557.17  3647.57  3528.43  3564.01
      0.6  3648.28  3601.13  3640.43  3594.82  3525.66   3588.3  3534.39
      0.7  3652.59  3600.49  3581.74  3568.59  3556.99  3616.08  3550.75
      0.8  3595.63  3583.88  3651.23  3544.87  3550.27  3573.67  3586.65
     0.85  3696.01  3623.28  3577.54  3630.77   3585.1  3510.47  3576.21
      0.9  3624.93  3628.37  3647.59   3553.9  3532.21  3556.06  3533.16

After 10 steps: ranking best to worst
rank  head_momentum  muon_momentum  train_loss  second_batch_loss
   1            0.9            0.8     1899.35            3532.21
   2            0.8            0.8      1905.9            3550.27
   3           0.85            0.9     1907.28            3576.21
   4            0.8            0.9     1913.45            3586.65
   5            0.9            0.9     1916.88            3533.16
   6            0.8            0.7     1917.23            3544.87
   7            0.9            0.7     1919.81             3553.9
   8           0.85            0.8     1922.84             3585.1
   9            0.6            0.9      1928.6            3534.39
  10            0.8           0.85     1933.34            3573.67
  11            0.9           0.85     1935.23            3556.06
  12            0.7           0.85      1944.3            3616.08
  13            0.7            0.7     1946.92            3568.59
  14           0.85           0.85      1949.5            3510.47
  15           0.85            0.7     1949.78            3630.77
  16            0.5           0.85     1951.01            3528.43
  17            0.5            0.9     1964.65            3564.01
  18           0.85            0.6     1975.61            3577.54
  19            0.9            0.6     1978.42            3647.59
  20            0.6           0.85     1978.47             3588.3
  21            0.8            0.6     1980.31            3651.23
  22            0.7            0.8     1980.78            3556.99
  23            0.5            0.8     1983.73            3647.57
  24            0.7            0.9     1986.57            3550.75
  25            0.9            0.5     1991.97            3628.37
  26           0.85            0.5     2013.98            3623.28
  27            0.6            0.8     2018.17            3525.66
  28            0.5            0.7     2018.89            3557.17
  29            0.7            0.5     2024.13            3600.49
  30            0.8            0.5     2031.32            3583.88
  31            0.7            0.6     2035.33            3581.74
  32            0.6            0.7     2043.11            3594.82
  33              0           0.85     2063.43             3583.8
  34            0.9              0     2065.09            3624.93
  35            0.6            0.5        2075            3601.13
  36            0.8              0     2081.92            3595.63
  37            0.6            0.6     2086.98            3640.43
  38              0            0.9     2094.51            3578.31
  39              0            0.8     2098.25            3618.16
  40            0.5            0.5     2104.86             3637.8
  41              0            0.6     2114.35            3627.01
  42            0.7              0     2136.88            3652.59
  43              0            0.7     2144.25            3640.29
  44           0.85              0     2165.43            3696.01
  45            0.6              0     2170.54            3648.28
  46              0            0.5     2235.06            3677.35
  47            0.5            0.6     2249.86            3634.46
  48            0.5              0     2261.49            3702.76
  49              0              0     2379.26             3708.4

After 20 steps: train-loss grid
head\muon        0      0.5      0.6      0.7      0.8     0.85      0.9
        0   1909.1  1803.77  1794.42  1774.05  1761.13  1751.61  1753.98
      0.5  1843.06  1788.53  1794.93  1760.79  1749.54  1748.18  1749.43
      0.6   1833.1  1789.78   1781.9   1758.1  1753.56  1753.62  1746.68
      0.7  1826.46  1776.61  1762.54  1750.92  1750.34  1748.59  1751.57
      0.8  1805.65  1778.73  1762.96  1752.77  1746.96  1748.82  1751.02
     0.85  1826.54  1772.65  1759.43  1759.47  1748.41  1750.19  1752.76
      0.9   1803.2  1777.11  1764.93  1750.24  1746.92  1749.12  1749.63

After 20 steps: second-batch-loss grid
head\muon        0      0.5      0.6      0.7      0.8     0.85      0.9
        0  3619.68  3600.97  3586.38   3607.3  3590.49  3583.93  3532.37
      0.5  3652.08  3587.39  3626.02   3556.9  3650.63  3600.94  3613.27
      0.6  3621.84  3604.78  3620.73  3615.67  3590.54  3596.29  3633.85
      0.7  3620.35  3638.16  3614.78  3649.49  3648.99  3636.53   3606.1
      0.8  3598.21   3594.8  3663.34  3602.41  3649.94  3641.22  3645.37
     0.85  3683.29  3695.03  3637.46  3663.08  3675.59   3654.7  3674.81
      0.9  3678.76  3680.77  3661.85  3682.38  3666.21  3665.76  3691.08

After 20 steps: ranking best to worst
rank  head_momentum  muon_momentum  train_loss  second_batch_loss
   1            0.6            0.9     1746.68            3633.85
   2            0.9            0.8     1746.92            3666.21
   3            0.8            0.8     1746.96            3649.94
   4            0.5           0.85     1748.18            3600.94
   5           0.85            0.8     1748.41            3675.59
   6            0.7           0.85     1748.59            3636.53
   7            0.8           0.85     1748.82            3641.22
   8            0.9           0.85     1749.12            3665.76
   9            0.5            0.9     1749.43            3613.27
  10            0.5            0.8     1749.54            3650.63
  11            0.9            0.9     1749.63            3691.08
  12           0.85           0.85     1750.19             3654.7
  13            0.9            0.7     1750.24            3682.38
  14            0.7            0.8     1750.34            3648.99
  15            0.7            0.7     1750.92            3649.49
  16            0.8            0.9     1751.02            3645.37
  17            0.7            0.9     1751.57             3606.1
  18              0           0.85     1751.61            3583.93
  19           0.85            0.9     1752.76            3674.81
  20            0.8            0.7     1752.77            3602.41
  21            0.6            0.8     1753.56            3590.54
  22            0.6           0.85     1753.62            3596.29
  23              0            0.9     1753.98            3532.37
  24            0.6            0.7      1758.1            3615.67
  25           0.85            0.6     1759.43            3637.46
  26           0.85            0.7     1759.47            3663.08
  27            0.5            0.7     1760.79             3556.9
  28              0            0.8     1761.13            3590.49
  29            0.7            0.6     1762.54            3614.78
  30            0.8            0.6     1762.96            3663.34
  31            0.9            0.6     1764.93            3661.85
  32           0.85            0.5     1772.65            3695.03
  33              0            0.7     1774.05             3607.3
  34            0.7            0.5     1776.61            3638.16
  35            0.9            0.5     1777.11            3680.77
  36            0.8            0.5     1778.73             3594.8
  37            0.6            0.6      1781.9            3620.73
  38            0.5            0.5     1788.53            3587.39
  39            0.6            0.5     1789.78            3604.78
  40              0            0.6     1794.42            3586.38
  41            0.5            0.6     1794.93            3626.02
  42            0.9              0      1803.2            3678.76
  43              0            0.5     1803.77            3600.97
  44            0.8              0     1805.65            3598.21
  45            0.7              0     1826.46            3620.35
  46           0.85              0     1826.54            3683.29
  47            0.6              0      1833.1            3621.84
  48            0.5              0     1843.06            3652.08
  49              0              0      1909.1            3619.68
