# percentile = weighted fraction of best-lr count mass with lr <= target
# percentile values are fractions in [0, 1]
# run = cifar_line_search9_exp3_high_lr.log
  step         gt_lr      gt_lr_x2       log_pct    log_x2_pct   log_count
     0             1             2         0.793         0.814        2000
     1         0.995          1.99        0.7705         0.821        2000
     2          0.99          1.98        0.6515        0.7525        2000
     3         0.985          1.97         0.762         0.872        2000
     4          0.98          1.96        0.8065        0.8735        2000
     5         0.975          1.95         0.768         0.853        2000
     6          0.97          1.94         0.717        0.7935        2000
     7         0.965          1.93         0.666        0.8275        2000
     8          0.96          1.92        0.7525        0.8405        2000
     9         0.955          1.91        0.7585         0.844        2000
    10          0.95           1.9         0.805        0.8865        2000
    11         0.945          1.89         0.754        0.8495        2000
    12          0.94          1.88        0.7625         0.838        2000
    13         0.935          1.87          0.72        0.8155        2000
    14          0.93          1.86        0.7465        0.8425        2000
    15         0.925          1.85         0.812         0.878        2000
    16          0.92          1.84        0.7895        0.8555        2000
    17         0.915          1.83         0.682          0.82        2000
    18          0.91          1.82         0.734        0.8755        2000
    19         0.905          1.81        0.7305        0.8295        2000
    20           0.9           1.8        0.7035        0.8545        2000
    21         0.895          1.79        0.7305        0.8665        2000
    22          0.89          1.78         0.782         0.869        2000
    23         0.885          1.77        0.7325        0.8635        2000
    24          0.88          1.76         0.729         0.857        2000
    25         0.875          1.75        0.7875        0.8785        2000
    26          0.87          1.74        0.7615         0.892        2000
    27         0.865          1.73        0.7645         0.851        2000
    28          0.86          1.72        0.7815        0.8655        2000
    29         0.855          1.71         0.779         0.866        2000
    30          0.85           1.7        0.7875        0.9025        2000
    31         0.845          1.69        0.7455         0.855        2000
    32          0.84          1.68        0.7985         0.913        2000
    33         0.835          1.67         0.784        0.8785        2000
    34          0.83          1.66         0.765        0.8675        2000
    35         0.825          1.65        0.7995         0.884        2000
    36          0.82          1.64        0.7625         0.887        2000
    37         0.815          1.63         0.759         0.854        2000
    38          0.81          1.62        0.7975        0.8775        2000
    39         0.805          1.61        0.8175         0.902        2000
    40           0.8           1.6         0.788        0.8835        2000
    41         0.795          1.59        0.7955        0.8795        2000
    42          0.79          1.58        0.8335        0.9185        2000
    43         0.785          1.57           0.8         0.885        2000
    44          0.78          1.56         0.858         0.903        2000
    45         0.775          1.55        0.8175        0.8915        2000
    46          0.77          1.54        0.8145         0.905        2000
    47         0.765          1.53         0.808        0.9015        2000
    48          0.76          1.52         0.811         0.899        2000
    49         0.755          1.51        0.8125        0.8975        2000
    50          0.75           1.5         0.842         0.921        2000
    51         0.745          1.49        0.8355        0.9135        2000
    52          0.74          1.48        0.8425        0.9145        2000
    53         0.735          1.47         0.824          0.92        2000
    54          0.73          1.46         0.783         0.918        2000
    55         0.725          1.45        0.8145         0.928        2000
    56          0.72          1.44        0.8175        0.9325        2000
    57         0.715          1.43        0.7965         0.876        2000
    58          0.71          1.42         0.756        0.8745        2000
    59         0.705          1.41         0.743        0.8795        2000
    60           0.7           1.4        0.7575          0.89        2000
    61         0.695          1.39        0.8055         0.916        2000
    62          0.69          1.38        0.7845         0.908        2000
    63         0.685          1.37         0.803        0.8995        2000
    64          0.68          1.36        0.7715         0.896        2000
    65         0.675          1.35         0.809          0.92        2000
    66          0.67          1.34        0.7985         0.922        2000
    67         0.665          1.33        0.7895        0.9015        2000
    68          0.66          1.32         0.803        0.9225        2000
    69         0.655          1.31         0.825         0.915        2000
    70          0.65           1.3         0.807        0.8995        2000
    71         0.645          1.29        0.8325         0.918        2000
    72          0.64          1.28        0.7975         0.892        2000
    73         0.635          1.27        0.8305        0.9125        2000
    74          0.63          1.26        0.8335        0.9205        2000
    75         0.625          1.25        0.8315         0.917        2000
    76          0.62          1.24        0.7795         0.887        2000
    77         0.615          1.23         0.835        0.9285        2000
    78          0.61          1.22        0.8005         0.901        2000
    79         0.605          1.21         0.845         0.933        2000
    80           0.6           1.2         0.826        0.9235        2000
    81         0.595          1.19        0.8705        0.9445        2000
    82          0.59          1.18         0.825         0.929        2000
    83         0.585          1.17         0.763        0.9225        2000
    84          0.58          1.16        0.7195         0.915        2000
    85         0.575          1.15        0.7875          0.94        2000
    86          0.57          1.14        0.7885        0.9125        2000
    87         0.565          1.13         0.807         0.923        2000
    88          0.56          1.12         0.778        0.9185        2000
    89         0.555          1.11          0.82        0.9285        2000
    90          0.55           1.1         0.717         0.884        2000
    91         0.545          1.09          0.78        0.9085        2000
    92          0.54          1.08         0.776         0.908        2000
    93         0.535          1.07         0.791         0.922        2000
    94          0.53          1.06        0.7265        0.8995        2000
    95         0.525          1.05         0.805          0.93        2000
    96          0.52          1.04         0.811        0.9145        2000
    97         0.515          1.03          0.81        0.9155        2000
    98          0.51          1.02        0.8215         0.932        2000
    99         0.505          1.01        0.7895        0.9155        2000
   100           0.5             1         0.838         0.946        2000
   101         0.495          0.99         0.799        0.9135        2000
   102          0.49          0.98         0.842         0.947        2000
   103         0.485          0.97        0.8025        0.9225        2000
   104          0.48          0.96        0.8525         0.948        2000
   105         0.475          0.95        0.8265        0.9355        2000
   106          0.47          0.94        0.7875         0.937        2000
   107         0.465          0.93         0.726        0.9395        2000
   108          0.46          0.92        0.7565         0.946        2000
   109         0.455          0.91        0.7615        0.9215        2000
   110          0.45           0.9        0.7575        0.9285        2000
   111         0.445          0.89        0.7805         0.911        2000
   112          0.44          0.88        0.7705         0.929        2000
   113         0.435          0.87         0.751        0.9085        2000
   114          0.43          0.86        0.7745        0.9315        2000
   115         0.425          0.85         0.777        0.9115        2000
   116          0.42          0.84         0.735         0.904        2000
   117         0.415          0.83         0.755        0.9015        2000
   118          0.41          0.82        0.7635        0.9185        2000
   119         0.405          0.81        0.7965        0.9355        2000
   120           0.4           0.8         0.757         0.903        2000
   121         0.395          0.79         0.794        0.9285        2000
   122          0.39          0.78         0.797         0.929        2000
   123         0.385          0.77         0.782         0.924        2000
   124          0.38          0.76         0.823         0.941        2000
   125         0.375          0.75         0.804        0.9295        2000
   126          0.37          0.74        0.7145         0.938        2000
   127         0.365          0.73        0.6805         0.863        2000
   128          0.36          0.72        0.7045         0.912        2000
   129         0.355          0.71        0.7195        0.8975        2000
   130          0.35           0.7          0.69        0.9125        2000
   131         0.345          0.69        0.7375         0.927        2000
   132          0.34          0.68        0.7285         0.915        2000
   133         0.335          0.67        0.7535        0.9035        2000
   134          0.33          0.66         0.767        0.9235        2000
   135         0.325          0.65        0.7725        0.9165        2000
   136          0.32          0.64         0.771         0.927        2000
   137         0.315          0.63          0.74        0.9125        2000
   138          0.31          0.62         0.765         0.934        2000
   139         0.305          0.61        0.7745        0.9395        2000
   140           0.3           0.6         0.766        0.9225        2000
   141         0.295          0.59        0.6865        0.9485        2000
   142          0.29          0.58         0.702        0.9115        2000
   143         0.285          0.57         0.656         0.898        2000
   144          0.28          0.56        0.6725        0.8925        2000
   145         0.275          0.55        0.6545         0.907        2000
   146          0.27          0.54        0.6905          0.91        2000
   147         0.265          0.53        0.7195        0.9195        2000
   148          0.26          0.52        0.7715         0.933        2000
   149         0.255          0.51        0.7335         0.913        2000
   150          0.25           0.5        0.7345          0.91        2000
   151         0.245          0.49         0.711         0.924        2000
   152          0.24          0.48        0.7485        0.9405        2000
   153         0.235          0.47         0.663        0.9245        2000
   154          0.23          0.46        0.6235         0.893        2000
   155         0.225          0.45        0.6285         0.874        2000
   156          0.22          0.44         0.571        0.8805        2000
   157         0.215          0.43         0.634         0.904        2000
   158          0.21          0.42        0.7235        0.9165        2000
   159         0.205          0.41         0.689         0.903        2000
   160           0.2           0.4        0.6435        0.8875        2000
   161         0.195          0.39          0.68           0.9        2000
   162          0.19          0.38        0.5585         0.911        2000
   163         0.185          0.37         0.585        0.8685        2000
   164          0.18          0.36        0.5665         0.882        2000
   165         0.175          0.35         0.577         0.878        2000
   166          0.17          0.34         0.653         0.905        2000
   167         0.165          0.33         0.646        0.8845        2000
   168          0.16          0.32        0.5675        0.8625        2000
   169         0.155          0.31        0.6255        0.8925        2000
   170          0.15           0.3        0.5015         0.894        2000
   171         0.145          0.29         0.484         0.828        2000
   172          0.14          0.28        0.5265        0.8425        2000
   173         0.135          0.27        0.4925         0.804        2000
   174          0.13          0.26         0.561         0.863        2000
   175         0.125          0.25         0.552        0.8575        2000
   176          0.12          0.24         0.494          0.86        2000
   177         0.115          0.23        0.4475         0.772        2000
   178          0.11          0.22         0.443         0.805        2000
   179         0.105          0.21        0.4795        0.7795        2000
   180           0.1           0.2        0.5055         0.805        2000
   181         0.095          0.19        0.3865           0.7        2000
   182          0.09          0.18         0.342        0.6485        2000
   183         0.085          0.17         0.442         0.729        2000
   184          0.08          0.16        0.3995        0.7005        2000
   185         0.075          0.15        0.3265         0.583        2000
   186          0.07          0.14         0.304         0.545        2000
   187         0.065          0.13        0.3535         0.628        2000
   188          0.06          0.12        0.2545        0.4755        2000
   189         0.055          0.11        0.2795         0.471        2000
   190          0.05           0.1        0.2305         0.488        2000
   191         0.045          0.09         0.235         0.399        2000
   192          0.04          0.08        0.2155         0.419        2000
   193         0.035          0.07          0.23        0.3695        2000
   194          0.03          0.06        0.1885        0.2985        2000
   195         0.025          0.05        0.1905         0.256        2000
   196          0.02          0.04        0.1715        0.2165        2000
   197         0.015          0.03         0.151        0.1885        2000
   198          0.01          0.02         0.144        0.1635        2000
   199         0.005          0.01          0.15         0.159        2000
